--- 日経225 block ---
        0          1       2         3       4         5   6
28    NaN       限月取引     取引高  当日\n建玉残高     前日比  前日\n建玉残高 NaN
29  日経225  2026年03月限  167325    151021  -13754    164775 NaN
30    NaN  2026年06月限  131996    108407   64703     43704 NaN
31    NaN  2026年09月限      18      1775       7      1768 NaN
32    NaN  2026年12月限     365     13657      50     13607 NaN
33    NaN  2027年03月限       6       358       4       354 NaN
34    NaN  2027年06月限       0       555       0       555 NaN
35    NaN  2027年12月限       0      8180       0      8180 NaN
36    NaN  2028年06月限       0         4       0         4 NaN
37    NaN  2028年12月限     250      3701      50      3651 NaN
38    NaN  2029年06月限       2       102      -2       104 NaN
39    NaN  2029年12月限       0      1500       0      1500 NaN
--- TOPIX block ---
        0          1       2       3        4       5   6
48    NaN         合計  299962  289260    51058  238202 NaN
49  TOPIX  2026年03月限  395232  287885  -142827  430712 NaN
50    NaN  2026年06月限  317724  331639   181627  150012 NaN
51    NaN  2026年09月限       0     651        0     651 NaN
52    NaN  2026年12月限       0    3329        0    3329 NaN
53    NaN  2027年03月限       0       0        0       0 NaN
54    NaN  2027年06月限       0       0        0       0 NaN
55    NaN  2027年12月限       0     465        0     465 NaN
56    NaN  2028年06月限       0       0        0       0 NaN
57    NaN  2028年12月限       0    1725        0    1725 NaN
58    NaN  2029年06月限       0       0        0       0 NaN
59    NaN  2029年12月限       0     200        0     200 NaN
--- 日経225mini block ---
           7          8        9       10      11      12
34        NaN         合計    29447   48972    3659   45313
35  日経225mini  2026年03月限   951997  288688  -40136  328824
36        NaN  2026年04月限    16104   57746    -322   58068
37        NaN  2026年05月限     2043    3520    1459    2061
38        NaN  2026年06月限   262654   94638   44145   50493
39        NaN  2026年07月限       37      54      -4      58
40        NaN  2026年09月限      849    1616     -62    1678
41        NaN  2026年12月限      705    2100     -94    2194
42        NaN  2027年03月限      252    1029      11    1018
43        NaN  2027年06月限       68     474     -36     510
44        NaN  2027年12月限       81     648     -12     660
45        NaN  2028年06月限        0     110       0     110
46        NaN  2028年12月限       25     664     -13     677
47        NaN  2029年06月限        0     309       0     309
48        NaN  2029年12月限        2     164      -1     165
49        NaN  2030年06月限        3     209       0     209
50        NaN  2030年12月限        2      59      -1      60
51        NaN         合計  1234822  452028    4934  447094
--- 日経225マイクロ block ---
           7          8        9       10     11      12
50        NaN  2030年12月限        2      59     -1      60
51        NaN         合計  1234822  452028   4934  447094
52  日経225マイクロ  2026年03月限  1005250   74137   3053   71084
53        NaN  2026年04月限    29319    8889   -790    9679
54        NaN  2026年05月限      720     684    -55     739
55        NaN  2026年06月限   168947   34630  -2221   36851
56        NaN         合計  1204236  118340    -13  118353
57    ミニTOPIX  2026年03月限    47920   57614  -2592   60206
58        NaN  2026年06月限    21572   22214  14509    7705
59        NaN  2026年09月限        0       0      0       0
--- 別紙1 Columns ---
4: ＜日経225オプショ | nan | nan | nan | nan | nan | ＜日経225オプショ | nan | nan | nan | nan
5: 限月取引 | 取引高 | 当日
建玉残高 | 前日比 | 前日
建玉残高 | nan | 限月取引 | 取引高 | 当日
建玉残高 | 前日比 | 前日
建玉残高
6: NIKKEI 225 | 0 | 1707 | 0 | 1707 | nan | NIKKEI 225 | 0 | 10 | 0 | 10
7: NIKKEI 225 | 0 | 845 | 0 | 845 | nan | NIKKEI 225 | 0 | 1170 | 0 | 1170
8: NIKKEI 225 | 0 | 633 | 0 | 633 | nan | NIKKEI 225 | 0 | 300 | 0 | 300
9: NIKKEI 225 | 0 | 666 | 0 | 666 | nan | NIKKEI 225 | 0 | 400 | 0 | 400
10: NIKKEI 225 | 7 | 449 | -2 | 451 | nan | NIKKEI 225 | 0 | 2 | 0 | 2
11: NIKKEI 225 | 0 | 1445 | 0 | 1445 | nan | NIKKEI 225 | 0 | 203 | 0 | 203
12: NIKKEI 225 | 0 | 263 | 0 | 263 | nan | NIKKEI 225 | 0 | 929 | 0 | 929
13: NIKKEI 225 | 1 | 1011 | 0 | 1011 | nan | NIKKEI 225 | 0 | 7 | 0 | 7
14: NIKKEI 225 | 0 | 679 | 0 | 679 | nan | NIKKEI 225 | 0 | 1140 | 0 | 1140
15: NIKKEI 225 | 0 | 537 | 0 | 537 | nan | NIKKEI 225 | 0 | 112 | 0 | 112
16: NIKKEI 225 | 1 | 3251 | -1 | 3252 | nan | NIKKEI 225 | 0 | 6 | 0 | 6
17: NIKKEI 225 | 4 | 766 | -4 | 770 | nan | NIKKEI 225 | 0 | 219 | 0 | 219
18: NIKKEI 225 | 21 | 982 | -14 | 996 | nan | NIKKEI 225 | 0 | 1080 | 0 | 1080
19: NIKKEI 225 | 0 | 26 | 0 | 26 | nan | NIKKEI 225 | 0 | 200 | 0 | 200
